{
  _comment: "CAM_K for huawei box",
  "cx": 325.2611,
  "cy": 242.04899,
  "depth_scale": 1.0,
  "fx": 572.4114,
  "fy": 573.57043,
  "height": 480,
  "width": 640
}
